414
415
418
434
432
431
416
428
429
420
421
422
423
424
427
388
383
389
421
405
404
403
402
315
406
400
396
390
394
393
392
397
399
612
355
356
354
353
365
366
386
391
384
382
381
379
378
367
380
368
377
376
375
374
373
656
657
439
439
658
660
622
605
444
659
440
441
445
442
448
469
446
446
467
447
479
470
480
481
477
478
471
474
486
483
485
484
462
473
472
465
466
464
450
452
451
449
453
456
454
517
457
463
461
458
460
459
476
475
372
363
385
362
364
361
360
358
357
359
410
411
425
419
419
435
438
437
417
655
436
433
488
489
490
491
493
500
494
497
492
513
512
511
510
504
496
499
502
501
498
505
503
509
508
507
514
515 
516
523 
524
518
519
634
635
630
615
614
627
628
629
631
352
633
632
371
343
370
348
347
350
326
346
344
345
341
349
339
331
328
327
547
324
638
325
637
323
548
322
318
320
319
321
617
632
564
351
546
642
332
333
337
342
335
336
338
329
340
552
550
551
549
555
554
553
564
558
647
561
559
562
570
565
545
645
618
563
640
556
607
557
560
572
603
578
579
600
531
532
525
526
533
534
537
536
542
544
541
539
540
545
521
522
644
334
538
535
530
527
528
520
506
401
610
611
315
543
643
317
639
641
315
316
369
455
443
387
613
625
626
398
430
1
495
395
576
413
412
408
407
409
315
401
529
577
302
313
314
1
2
3
482
5
6
60
315
94
99
100
101
102
104
416
476
482
486
495
601
576
330
401
486
636
302
426